85   0    20
85   2    55
85   10   65
85   20   70
85   30   85
85   40   100
85   50   150
85   60   180
85   70   200
85   80   210
85   90   230
85   100   255
85   110   255
85   120   255
85   130   255
85   140   255
95   0    20
95   2    55
95   10   65
95   20   70
95   30   85
95   40   100
95   50   150
95   60   180
95   70   200
95   80   210
95   90   230
95   100   255
95   110   255
95   120   255
95   130   255
95   140   255
105   0    20
105   2    55
105   10   65
105   20   70
105   30   85
105   40   100
105   50   150
105   60   180
105   70   200
105   80   210
105   90   230
105   100   255
105   110   255
105   120   255
105   130   255
105   140   255
115   0    20
115   2    55
115   10   65
115   20   70
115   30   85
115   40   100
115   50   150
115   60   180
115   70   200
115   80   210
115   90   230
115   100   255
115   110   255
115   120   255
115   130   255
115   140   255
125   0    20
125   2    55
125   10   65
125   20   70
125   30   85
125   40   100
125   50   150
125   60   180
125   70   200
125   80   210
125   90   230
125   100   255
125   110   255
125   120   255
125   130   255
125   140   255
135   0    20
135   2    55
135   10   65
135   20   70
135   30   85
135   40   100
135   50   150
135   60   180
135   70   200
135   80   210
135   90   230
135   100   255
135   110   255
135   120   255
135   130   255
135   140   255
145   0    20
145   2    55
145   10   65
145   20   70
145   30   85
145   40   100
145   50   150
145   60   180
145   70   200
145   80   210
145   90   230
145   100   255
145   110   255
145   120   255
145   130   255
145   140   255
155   0    20
155   2    55
155   10   65
155   20   70
155   30   85
155   40   100
155   50   150
155   60   180
155   70   200
155   80   210
155   90   230
155   100   255
155   110   255
155   120   255
155   130   255
155   140   255
165   0    20
165   2    55
165   10   65
165   20   70
165   30   85
165   40   100
165   50   150
165   60   180
165   70   200
165   80   210
165   90   230
165   100   255
165   110   255
165   120   255
165   130   255
165   140   255
175   0    20
175   2    55
175   10   65
175   20   70
175   30   85
175   40   100
175   50   150
175   60   180
175   70   200
175   80   210
175   90   230
175   100   255
175   110   255
175   120   255
175   130   255
175   140   255
185   0    20
185   2    55
185   10   65
185   20   70
185   30   85
185   40   100
185   50   150
185   60   180
185   70   200
185   80   210
185   90   230
185   100   255
185   110   255
185   120   255
185   130   255
185   140   255
195   0    20
195   2    55
195   10   65
195   20   70
195   30   85
195   40   100
195   50   150
195   60   180
195   70   200
195   80   210
195   90   230
195   100   255
195   110   255
195   120   255
195   130   255
195   140   255
205   0    20
205   2    55
205   10   65
205   20   70
205   30   85
205   40   100
205   50   150
205   60   180
205   70   200
205   80   210
205   90   230
205   100   255
205   110   255
205   120   255
205   130   255
205   140   255
215   0    20
215   2    55
215   10   65
215   20   70
215   30   85
215   40   100
215   50   150
215   60   180
215   70   200
215   80   210
215   90   230
215   100   255
215   110   255
215   120   255
215   130   255
215   140   255
225   0    20
225   2    55
225   10   65
225   20   70
225   30   85
225   40   100
225   50   150
225   60   180
225   70   200
225   80   210
225   90   230
225   100   255
225   110   255
225   120   255
225   130   255
225   140   255