85   0    35
85   2    60
85   10   80
85   15   100
85   20   130
85   25   160
85   30   190
85   40   230
85   50   255
85   60   255
85   70   255
85   80   255
85   90   255
85   100   255
85   110   255
85   120   255
85   130   255
85   140   255
95   0    35
95   2    60
95   10   80
95   15   100
95   20   130
95   25   160
95   30   190
95   40   230
95   50   255
95   60   255
95   70   255
95   80   255
95   90   255
95   100   255
95   110   255
95   120   255
95   130   255
95   140   255
105   0    35
105   2    60
105   10   80
105   15   100
105   20   130
105   25   160
105   30   190
105   40   230
105   50   255
105   60   255
105   70   255
105   80   255
105   90   255
105   100   255
105   110   255
105   120   255
105   130   255
105   140   255
115   0    35
115   2    60
115   10   80
115   15   100
115   20   130
115   25   160
115   30   190
115   40   230
115   50   255
115   60   255
115   70   255
115   80   255
115   90   255
115   100   255
115   110   255
115   120   255
115   130   255
115   140   255
125   0    35
125   2    60
125   10   80
125   15   100
125   20   130
125   25   160
125   30   190
125   40   230
125   50   255
125   60   255
125   70   255
125   80   255
125   90   255
125   100   255
125   110   255
125   120   255
125   130   255
125   140   255
135   0    35
135   2    60
135   10   80
135   15   100
135   20   130
135   25   160
135   30   190
135   40   230
135   50   255
135   60   255
135   70   255
135   80   255
135   90   255
135   100   255
135   110   255
135   120   255
135   130   255
135   140   255
145   0    35
145   2    60
145   10   80
145   15   100
145   20   130
145   25   160
145   30   190
145   40   230
145   50   255
145   60   255
145   70   255
145   80   255
145   90   255
145   100   255
145   110   255
145   120   255
145   130   255
145   140   255
155   0    35
155   2    60
155   10   80
155   15   100
155   20   130
155   25   160
155   30   190
155   40   230
155   50   255
155   60   255
155   70   255
155   80   255
155   90   255
155   100   255
155   110   255
155   120   255
155   130   255
155   140   255
165   0    35
165   2    60
165   10   80
165   15   100
165   20   130
165   25   160
165   30   190
165   40   230
165   50   255
165   60   255
165   70   255
165   80   255
165   90   255
165   100   255
165   110   255
165   120   255
165   130   255
165   140   255
175   0    35
175   2    60
175   10   80
175   15   100
175   20   130
175   25   160
175   30   190
175   40   230
175   50   255
175   60   255
175   70   255
175   80   255
175   90   255
175   100   255
175   110   255
175   120   255
175   130   255
175   140   255
185   0    35
185   2    60
185   10   80
185   15   100
185   20   130
185   25   160
185   30   190
185   40   230
185   50   255
185   60   255
185   70   255
185   80   255
185   90   255
185   100   255
185   110   255
185   120   255
185   130   255
185   140   255
195   0    35
195   2    60
195   10   80
195   15   100
195   20   130
195   25   160
195   30   190
195   40   230
195   50   255
195   60   255
195   70   255
195   80   255
195   90   255
195   100   255
195   110   255
195   120   255
195   130   255
195   140   255
205   0    35
205   2    60
205   10   80
205   15   100
205   20   130
205   25   160
205   30   190
205   40   230
205   50   255
205   60   255
205   70   255
205   80   255
205   90   255
205   100   255
205   110   255
205   120   255
205   130   255
205   140   255
205   0    35
205   2    60
215   10   80
215   15   100
215   20   130
215   25   160
215   30   190
215   40   230
215   50   255
215   60   255
215   70   255
215   80   255
215   90   255
215   100   255
215   110   255
215   120   255
215   130   255
215   140   255
225   0    35
225   2    60
225   10   80
225   15   100
225   20   130
225   25   160
225   30   190
225   40   230
225   50   255
225   60   255
225   70   255
225   80   255
225   90   255
225   100   255
225   110   255
225   120   255
225   130   255
225   140   255







